2013   1   3   6  30   637.99121  13.36660  12.77680
2013   1   3   7   0   605.54791  12.02380  12.77530
2013   1   3   7  30   617.63416  13.39640  12.26640
2013   1   3   8   0   614.82104  13.14110  12.53090
2013   1   3   8  30   652.20636  13.99650  12.54770
2013   1   3   9   0   653.04102  14.56520  12.05880
2013   1   3   9  30   594.88037  12.41230  13.00540
2013   1   3  10   0   595.37714  12.37130  13.03360
2013   1   3  10  30   653.05450  13.93200  13.10990
2013   1   3  11   0   626.88776  12.54080  12.94050
2013   1   3  11  30   576.50232  12.03510  12.47490
2013   1   3  12   0   594.89038  11.81010  12.59010
2013   1   3  12  30   627.06482  13.17570  13.64330
2013   1   3  13   0   621.73621  13.72580  12.15080
2013   1   3  13  30   555.47144  11.38670  12.36270
2013   1   3  14   0   613.70264  12.07870   9.48431
2013   1   3  14  30   643.91498  14.26080  10.94620
2013   1   3  15   0   567.31128  11.34930  11.42990
2013   1   3  15  30   637.64606  13.28370  10.83510
2013   1   3  16   0   610.05353  12.03230  11.56970
2013   1   3  16  30   643.45483  13.97180  11.80940
2013   1   3  17   0   582.95276  12.08120  12.10400
2013   1   3  17  30   589.18182  12.21790  11.42060
2013   1   3  18   0   650.63953  15.21110  11.11070
2013   1   3  18  30   653.30859  14.14960  10.47870
2013   1   3  19   0   590.65302  12.07270  12.37180
2013   1   3  19  30   565.20587  11.95380  12.95150
2013   1   3  20   0   628.86560  12.81960  12.08600
2013   1   3  20  30   518.77795  10.75310  11.72330
2013   1   3  21   0   501.96521  10.84900  12.50270
2013   1   3  21  30   588.50653  12.21750  11.94510
2013   1   3  22   0   444.35538  10.24170  11.40570
2013   1   3  22  30   498.84393  10.45050  11.90030
2013   1   3  23   0   576.37793  11.45760  12.09190
2013   1   3  23  30   468.84756  10.28840  12.14250
2013   1   4   0   0   570.24255  11.66980  13.21580
2013   1   4   0  30   562.25714  11.57180  12.01420
2013   1   4   1   0   574.29407  11.52360   9.62050
2013   1   4   1  30   621.10583  12.38820  10.66760
2013   1   4   2   0   641.32904  13.00120  10.45770
2013   1   4   2  30   634.72913  13.21180  11.59710
2013   1   4   3   0   653.06885  13.24060  12.29200
2013   1   4   3  30   632.29944  12.67500  11.68860
2013   1   4   4   0   633.61200  12.80260  11.03650
2013   1   4   4  30   607.78656  12.08040  12.29340
2013   1   4   5   0   532.33472  10.98980   9.81527
2013   1   4   5  30   565.59778  11.92320  11.12830
2013   1   4   6   0   472.13882  10.30780  10.28730
2013   1   4   6  30   370.06003   9.04131  11.84750
2013   1   4   7   0   319.97552   8.71305  11.59410
2013   1   4   7  30   335.51132   8.77259  11.83310
2013   1   4   8   0   420.99109   9.92285  11.34290
2013   1   4   8  30   327.27139   8.86460  10.89070
2013   1   4   9   0   356.11853   9.02451  10.43550
2013   1   4   9  30   479.79562  10.05150  10.51580
2013   1   4  10   0   452.05731   9.98182  10.17870
2013   1   4  10  30   328.44220   8.57369   9.88065
2013   1   4  11   0   244.47627   7.71299   9.89920
2013   1   4  11  30   322.58377   8.70382   8.67773
2013   1   4  12   0   542.61993  11.05530   8.98007
2013   1   4  12  30   404.09268   9.46112   9.21017
2013   1   4  13   0   340.79355   8.86573   8.91983
2013   1   4  13  30   292.30557   7.09762   9.87678
2013   1   4  14   0   271.21768   8.13705   9.67186
2013   1   4  14  30   430.26260   9.69998   9.58025
2013   1   4  15   0   413.17944   9.75451  10.37060
2013   1   4  15  30   436.60736   9.81860  10.85020
2013   1   4  16   0   559.17389  10.94750  11.36460
2013   1   4  16  30   527.71576  10.74090   9.00257
2013   1   4  17   0   484.00461  10.20610   9.76062
2013   1   4  17  30   224.91376   7.64074  10.93980
2013   1   4  18   0   175.86153   7.14694  11.59810
2013   1   4  18  30   287.80853   8.35922  11.61240
2013   1   4  19   0   190.93768   7.24427  11.27510
2013   1   4  19  30   261.78763   8.10245  11.26990
2013   1   4  20   0   166.86781   7.20502  10.85940
2013   1   4  20  30   131.92464   6.63116  10.86640
2013   1   4  21   0    97.74854   5.88078  11.71740
2013   1   4  21  30   207.02150   7.43435  11.77550
2013   1   4  22   0   263.94009   8.26298  11.51220
2013   1   4  22  30   315.11212   8.79326  11.03830
2013   1   4  23   0   359.30966   9.21455  12.29910
2013   1   4  23  30   281.59714   8.56062  12.76380
2013   1   5   0   0   299.56033   8.45379  12.59390
2013   1   5   0  30   361.90231   9.02508  12.79140
2013   1   5   1   0   267.54428   8.07325  12.53740
2013   1   5   1  30   199.11246   7.42949  11.99190
2013   1   5   2   0   156.20575   6.98933  11.57040
2013   1   5   2  30   224.09853   7.81709  11.50280
2013   1   5   3   0    90.03969   6.02038  10.96800
2013   1   5   3  30    66.30998   5.69200  11.15130
2013   1   5   4   0    30.22718   4.89634  10.81230
2013   1   5   4  30    68.16179   5.86425  10.27610
2013   1   5   5   0    67.29733   5.74343  11.01240
2013   1   5   5  30    23.94641   5.02422  11.38900
2013   1   5   6   0   131.67966   6.33468  11.80570
2013   1   5   6  30    38.16278   4.95834  11.68820
2013   1   5   7   0    36.24204   5.32203  11.73690
2013   1   5   7  30    49.54857   4.91677  11.36720
2013   1   5   8   0   179.01599   7.00620  11.18180
2013   1   5   8  30   142.41797   6.86701  10.90720
2013   1   5   9   0   230.81749   7.78457  11.55980
2013   1   5   9  30   295.89084   8.57127  11.96350
2013   1   5  10   0   212.91597   7.44043  11.78460
2013   1   5  10  30   206.65588   7.54407  11.61040
2013   1   5  11   0   196.18903   7.43595  11.35880
2013   1   5  11  30   227.83914   7.54249  10.94720
2013   1   5  12   0   299.27066   9.04419  11.71010
2013   1   5  12  30   273.08762   8.38560  12.54610
2013   1   5  13   0   291.29572   8.47323  12.32650
2013   1   5  13  30   285.64163   8.24080  12.37900
2013   1   5  14   0   185.10432   7.23968  11.47240
2013   1   5  14  30   230.95648   7.24964  10.79910
2013   1   5  15   0   275.16116   8.31672  10.47770
2013   1   5  15  30   218.85243   7.39384  10.06730
2013   1   5  16   0   350.19006   9.01294  10.61320
2013   1   5  16  30   266.90021   8.07793  10.17630
2013   1   5  17   0   395.65698   9.82726   9.90893
2013   1   5  17  30   404.73416   9.59326  10.21100
2013   1   5  18   0   351.60190   9.25554   9.73484
2013   1   5  18  30   484.97934  10.70680  10.39960
2013   1   5  19   0   349.60684   9.23449  10.63090
2013   1   5  19  30   336.16974   8.44983   9.77094
2013   1   5  20   0   269.25079   7.95711  11.18780
2013   1   5  20  30   505.06570  10.69700  11.44880
2013   1   5  21   0   327.24564   8.76490  10.94080
2013   1   5  21  30   276.90176   8.01894  11.50650
2013   1   5  22   0   405.51468   9.38337  10.98140
2013   1   5  22  30   428.50357   9.80986  10.53750
2013   1   5  23   0   284.81973   8.64370  10.10980
2013   1   5  23  30   489.14557  10.09620  10.48880
2013   1   6   0   0   478.34784   9.92825  10.07820
2013   1   6   0  30   452.09760  10.20830   9.71323
2013   1   6   1   0   339.95871   9.10038   9.80107
2013   1   6   1  30   246.15466   8.29920   9.36775
2013   1   6   2   0   207.57520   7.69674   8.45767
2013   1   6   2  30   249.95462   7.96339   7.93405
2013   1   6   3   0   255.40100   8.06913   8.06824
2013   1   6   3  30   182.93678   7.31797   8.49666
2013   1   6   4   0   254.81625   8.42493   8.82114
2013   1   6   4  30   251.74736   8.03439   8.57259
2013   1   6   5   0   303.21906   8.44440   8.52439
2013   1   6   5  30   264.64764   8.22849   8.95211
2013   1   6   6   0   228.17264   7.55346   9.34497
2013   1   6   6  30    99.44330   6.26779   7.89988
2013   1   6   7   0   120.07507   6.21360   8.48771
2013   1   6   7  30    14.24290   4.30871   8.88326
2013   1   6   8   0   113.21273   6.42866   9.35403
2013   1   6   8  30    13.02966   4.86150   9.88680
2013   1   6   9   0    34.31879   4.82889   9.74586
2013   1   6   9  30    -0.55469   4.10682   9.19735
2013   1   6  10   0    -2.64616   4.04126   9.19567
2013   1   6  10  30   139.97290   6.66171  10.35090
2013   1   6  11   0     1.22788   4.16855  10.21280
2013   1   6  11  30   115.37375   6.77175  10.13940
2013   1   6  12   0    73.23556   5.82526  10.46350
2013   1   6  12  30    54.88699   5.44559  10.80020
2013   1   6  13   0   472.58118  10.22050  10.71570
2013   1   6  13  30   508.44992  10.93630  11.03330
2013   1   6  14   0   388.49710   9.52516  10.15430
2013   1   6  14  30   459.51093  10.33800   8.84613
2013   1   6  15   0   252.94684   8.28218   9.16585
2013   1   6  15  30   258.72845   8.20137   9.61336
2013   1   6  16   0   129.66478   6.68137   8.66543
2013   1   6  16  30   201.63065   7.31224   9.31287
2013   1   6  17   0   147.56429   6.76065   8.99134
2013   1   6  17  30   228.61789   7.91983   8.72936
2013   1   6  18   0   208.30099   7.80519   9.55320
2013   1   6  18  30   179.16464   7.36596   8.67278
2013   1   6  19   0   217.82794   7.62829   7.53997
2013   1   6  19  30    83.79056   5.73187   8.52628
2013   1   6  20   0   157.07425   6.85657   8.91829
2013   1   6  20  30    95.01736   6.14401   9.16824
2013   1   6  21   0   194.88072   7.39577   9.59433
2013   1   6  21  30   161.80011   6.75763   9.92653
2013   1   6  22   0   153.38637   7.11936   9.57740
2013   1   6  22  30   178.47327   7.41946   8.78646
2013   1   6  23   0   161.44736   6.56998   9.48420
2013   1   6  23  30   221.49443   7.48689  10.21540
2013   1   7   0   0   213.62416   7.61606   9.73017
2013   1   7   0  30   331.34854   8.68690   9.41677
2013   1   7   1   0   227.47922   7.88929   9.33253
2013   1   7   1  30   259.56503   7.78848   9.11554
2013   1   7   2   0   242.06282   7.82120   9.65404
2013   1   7   2  30   168.14381   6.79618   9.99176
2013   1   7   3   0   153.62804   6.65635   9.08333
2013   1   7   3  30   193.82224   7.69024   9.03129
2013   1   7   4   0   262.69449   8.43573   9.41022
2013   1   7   4  30   176.39114   7.09823   9.87050
2013   1   7   5   0   253.08896   8.24620   9.20108
2013   1   7   5  30   170.97105   7.19665   8.46008
2013   1   7   6   0   122.38108   6.38705   8.57898
2013   1   7   6  30   110.79882   6.27102   9.72732
2013   1   7   7   0   163.19031   7.24334   9.24159
2013   1   7   7  30    77.16810   5.76942   9.32470
2013   1   7   8   0   117.54712   6.40272   9.61603
2013   1   7   8  30    85.94340   6.31736   9.50900
2013   1   7   9   0    86.58502   5.68251   9.64524
2013   1   7   9  30    87.34363   5.74681   9.55495
2013   1   7  10   0    68.93170   5.49814  10.33890
2013   1   7  10  30    57.21555   5.49244  10.30120
2013   1   7  11   0    70.98820   6.29721  10.13100
2013   1   7  11  30    99.95249   6.31948  10.26420
2013   1   7  12   0    72.34509   5.94270  10.30020
2013   1   7  12  30   105.89065   6.19150  10.40890
2013   1   7  13   0    94.74020   6.14551   9.75058
2013   1   7  13  30    89.36493   6.09794   9.89175
2013   1   7  14   0   113.53378   7.06426  10.10390
2013   1   7  14  30    28.58545   4.91081  10.01160
2013   1   7  15   0    26.13758   5.20167   9.81794
2013   1   7  15  30    67.12477   5.19007  10.05680
2013   1   7  16   0    12.26876   4.82335  10.46360
2013   1   7  16  30     0.38974   4.38332  10.11140
2013   1   7  17   0   130.23755   6.45642  10.38260
2013   1   7  17  30    41.73412   5.16376  10.19690
2013   1   7  18   0   162.37337   7.14214   9.78436
2013   1   7  18  30   108.39600   6.28919  10.10800
2013   1   7  19   0   244.53069   8.26521   9.77492
2013   1   7  19  30    88.45947   5.85182  10.25830
2013   1   7  20   0    95.06924   6.07705   9.94260
2013   1   7  20  30    78.62032   5.75828  10.28030
2013   1   7  21   0   136.46089   6.49777   9.77406
2013   1   7  21  30    59.89238   5.28240   9.09049
2013   1   7  22   0   199.89394   7.19653  10.68080
2013   1   7  22  30   382.05423   9.73658  10.49020
2013   1   7  23   0   334.56644   8.90984  10.55490
2013   1   7  23  30    73.24721   5.51953  10.72560
2013   1   8   0   0    89.56701   5.91905  10.63190
2013   1   8   0  30   146.46733   6.76547  11.02820
2013   1   8   1   0   137.67577   6.38784   9.89533
2013   1   8   1  30   249.95422   7.79022  10.99850
2013   1   8   2   0   322.46494   8.57844  11.02420
2013   1   8   2  30   267.96613   8.31439  10.86860
2013   1   8   3   0    78.00081   5.37056  10.94210
2013   1   8   3  30    85.78373   6.28108  11.05400
2013   1   8   4   0   121.37175   6.63181  11.13260
2013   1   8   4  30   132.36813   6.53957  10.85090
2013   1   8   5   0   252.89064   8.22570  10.86540
2013   1   8   5  30    34.41148   5.26924  10.56690
2013   1   8   6   0    76.42714   5.86103  10.66120
2013   1   8   6  30   149.50406   6.55188  10.14560
2013   1   8   7   0    91.59769   6.16654  10.10520
2013   1   8   7  30   134.41302   6.56347   9.68017
2013   1   8   8   0   115.38483   6.42920   9.64682
2013   1   8   8  30    52.67220   5.30330   9.96569
2013   1   8   9   0    96.87758   6.22891  10.24240
2013   1   8   9  30   284.35925   8.15065   8.83994
2013   1   8  10   0   181.10728   6.88641  10.41950
2013   1   8  10  30   258.28262   8.16056   9.68632
2013   1   8  11   0   185.47661   7.04092   9.22372
2013   1   8  11  30   225.00336   7.54077   9.60958
2013   1   8  12   0   232.70374   7.49379   9.88930
2013   1   8  12  30   177.10533   7.19678  10.42970
2013   1   8  13   0   132.05183   6.61148   8.86472
2013   1   8  13  30    80.23555   6.00666   9.96975
2013   1   8  14   0   120.92518   6.53404  10.28370
2013   1   8  14  30   193.43999   7.47493  10.75690
2013   1   8  15   0   159.11420   6.87286   9.94042
2013   1   8  15  30   130.35776   6.47802  10.16970
2013   1   8  16   0   159.96471   6.81226  10.41820
2013   1   8  16  30    71.59372   5.46502  10.39440
2013   1   8  17   0   196.22610   7.43119   9.29089
2013   1   8  17  30   168.71919   7.12101  10.58890
2013   1   8  18   0   336.69714   8.85043  10.15020
2013   1   8  18  30   358.60730   9.15975   9.55978
2013   1   8  19   0   436.75287  10.04360   9.64939
2013   1   8  19  30   504.55649  10.90930   9.73189
2013   1   8  20   0   404.62997   9.41442   9.90509
2013   1   8  20  30   502.42844  10.32740   8.39978
2013   1   8  21   0   520.43884  10.95160  10.00770
2013   1   8  21  30   302.79517   7.97630  10.13900
2013   1   8  22   0   324.82971   8.70095  10.85060
2013   1   8  22  30   277.04355   8.12754  10.00740
2013   1   8  23   0   304.03186   8.48095   9.30311
2013   1   8  23  30   417.78610   9.34824  10.22030
2013   1   9   0   0   354.10037   8.90263   9.43213
2013   1   9   0  30   273.68530   7.92614   9.98377
2013   1   9   1   0   350.20749   9.16545   8.86825
2013   1   9   1  30   346.67914   8.63712   8.63942
2013   1   9   2   0   381.52710   9.10969   8.94013
2013   1   9   2  30   310.55225   8.36028   9.01185
2013   1   9   3   0   240.06424   7.55456  10.10960
2013   1   9   3  30   137.22929   6.70954   9.56039
2013   1   9   4   0   104.97253   6.19588   9.60601
2013   1   9   4  30    16.01315   4.73836   9.86579
2013   1   9   5   0    10.56075   4.96036  10.07730
2013   1   9   5  30    19.65449   5.04153   9.73914
2013   1   9   6   0    20.79411   5.42522  10.03290
2013   1   9   6  30     0.16829   4.73476  10.21480
2013   1   9   7   0    28.92444   4.69555   9.99252
2013   1   9   7  30   105.95422   6.31233  11.17660
2013   1   9   8   0    60.18270   5.27761  10.48290
2013   1   9   8  30    64.48676   6.31123  10.57380
2013   1   9   9   0    76.33611   5.49216  10.79660
2013   1   9   9  30   203.55556   7.04875  10.06870
2013   1   9  10   0   482.78543  10.58250   9.73852
2013   1   9  10  30   516.62231  10.59560   9.55855
2013   1   9  11   0   549.28076  11.40340  10.17900
2013   1   9  11  30   484.97824   9.95831   9.66450
2013   1   9  12   0   520.65240  10.28200   9.25056
2013   1   9  12  30   508.66119  10.82170   8.39323
2013   1   9  13   0   574.44727  11.36740   9.71067
2013   1   9  13  30   433.99365   9.76747   9.89118
2013   1   9  14   0   433.53558   9.79591   8.84405
2013   1   9  14  30   451.87625  10.36260   8.94667
2013   1   9  15   0   531.49634  11.31510  10.83290
2013   1   9  15  30   546.25366  11.30390  11.68300
2013   1   9  16   0   360.84723   9.18584  11.24500
2013   1   9  16  30   554.20642  11.71750   9.92925
2013   1   9  17   0   475.55637  10.52170  11.09810
2013   1   9  17  30   505.47668  10.74750  10.76010
2013   1   9  18   0   578.87726  11.37280  10.69150
2013   1   9  18  30   579.02856  11.24530  10.42360
2013   1   9  19   0   488.21219  10.97330  10.18200
2013   1   9  19  30   552.55359  10.91270   8.32460
2013   1   9  20   0   387.65417   8.80246   7.74692
2013   1   9  20  30   522.72107  10.78550   8.29611
2013   1   9  21   0   452.41266  10.51320   6.84285
2013   1   9  21  30   408.75464   9.67131   9.68818
2013   1   9  22   0   424.20981   9.54292  10.28660
2013   1   9  22  30   447.99664  10.23900  12.42740
2013   1   9  23   0   387.26501   9.60819  12.56700
2013   1   9  23  30   492.35681  10.54040  11.49340
2013   1  10   0   0   429.57281   9.67840  10.22360
2013   1  10   0  30   373.97369   9.04566  10.93630
2013   1  10   1   0   428.81235   9.77925  10.19610
2013   1  10   1  30   391.72922   9.15662  11.43970
2013   1  10   2   0   324.23663   8.70523  10.38420
2013   1  10   2  30   308.29694   8.32816  10.13490
2013   1  10   3   0   271.35883   8.23516   9.04268
2013   1  10   3  30   270.45541   8.06977   9.90390
2013   1  10   4   0   525.69324  10.83340  12.09120
2013   1  10   4  30   470.68015  10.32670  12.30980
2013   1  10   5   0   568.09760  11.18910  10.91100
2013   1  10   5  30   481.38095  10.56840  10.68510
2013   1  10   6   0   302.93588   8.95861  12.30730
2013   1  10   6  30   402.57144   9.40792  12.85260
2013   1  10   7   0   537.85645  11.23020  13.44990
2013   1  10   7  30   629.97430  13.33530  13.42290
2013   1  10   8   0   586.08881  12.40220  12.89550
2013   1  10   8  30   607.67773  12.61910  12.61890
2013   1  10   9   0   528.85828  10.92150  12.07320
2013   1  10   9  30   617.03601  12.33410  13.32830
2013   1  10  10   0   512.55389  10.66370  12.58400
2013   1  10  10  30   412.61359   9.23591  12.96900
2013   1  10  11   0   521.64038  10.71360  13.33370
2013   1  10  11  30   476.23480  10.11960  12.78620
2013   1  10  12   0   510.96588  10.78440  13.06610
2013   1  10  12  30   489.53299  10.57380  12.50220
2013   1  10  13   0   430.90085   9.81106  12.35470
2013   1  10  13  30   554.05115  11.34950  13.49960
2013   1  10  14   0   486.73065  10.54340  12.95940
2013   1  10  14  30   503.00107  10.59230  12.55830
2013   1  10  15   0   570.47986  11.42330  12.47970
2013   1  10  15  30   520.09583  10.53920  12.57960
2013   1  10  16   0   482.23547  10.61590  11.70800
2013   1  10  16  30   563.28265  11.34730  12.05290
2013   1  10  17   0   616.28540  12.75060  12.10650
2013   1  10  17  30   554.41400  10.61790  11.79650
2013   1  10  18   0   539.93506  11.02520  12.28920
2013   1  10  18  30   537.03595  11.33390  12.42770
2013   1  10  19   0   627.44885  12.42080  12.64450
2013   1  10  19  30   573.61963  11.31700  11.41410
2013   1  10  20   0   547.80286  11.15030  10.95310
2013   1  10  20  30   593.93939  11.89490   9.76156
2013   1  10  21   0   485.79288  10.28780   9.74113
2013   1  10  21  30   377.51630   9.25881  10.16260
2013   1  10  22   0   244.58792   7.75863   9.77958
2013   1  10  22  30   197.23746   7.62633  10.78050
2013   1  10  23   0   519.56012  10.59350  10.71760
2013   1  10  23  30   487.94882  10.24830  10.69070
2013   1  11   0   0   458.41245  10.05670   9.64893
2013   1  11   0  30   184.03485   7.31156  11.30580
2013   1  11   1   0   175.33997   7.19384  12.13080
2013   1  11   1  30   362.83514   9.08739  11.03490
2013   1  11   2   0   550.10052  11.10270  11.03730
2013   1  11   2  30   350.41562   9.18232  10.64300
2013   1  11   3   0   339.30426   8.60719  11.22250
2013   1  11   3  30   401.43463   9.04927   9.69481
2013   1  11   4   0   423.87244   9.58553   8.55196
2013   1  11   4  30   448.74866   9.94808   9.14049
2013   1  11   5   0   457.35638  10.23990   9.15347
2013   1  11   5  30   458.91183   9.99878   9.93925
2013   1  11   6   0   469.62643  10.29390   9.62307
